<!DOCTYPE html PUBLIC "-//W3C//DTD XHTML 1.0 Transitional//EN" "https://www.w3.org/TR/xhtml1/DTD/xhtml1-transitional.dtd">
<html xmlns="http://www.w3.org/1999/xhtml" lang="en-US">
<head>
<meta http-equiv="Content-Type" content="text/xhtml;charset=UTF-8"/>
<meta http-equiv="X-UA-Compatible" content="IE=11"/>
<meta name="generator" content="Doxygen 1.9.8"/>
<meta name="viewport" content="width=device-width, initial-scale=1"/>
<title>GNU Radio&#39;s DSD Package: mbelib_const.h File Reference</title>
<link href="tabs.css" rel="stylesheet" type="text/css"/>
<script type="text/javascript" src="jquery.js"></script>
<script type="text/javascript" src="dynsections.js"></script>
<link href="navtree.css" rel="stylesheet" type="text/css"/>
<script type="text/javascript" src="resize.js"></script>
<script type="text/javascript" src="navtreedata.js"></script>
<script type="text/javascript" src="navtree.js"></script>
<link href="doxygen.css" rel="stylesheet" type="text/css" />
</head>
<body>
<div id="top"><!-- do not remove this div, it is closed by doxygen! -->
<div id="titlearea">
<table cellspacing="0" cellpadding="0">
 <tbody>
 <tr id="projectrow">
  <td id="projectalign">
   <div id="projectname">GNU Radio&#39;s DSD Package
   </div>
  </td>
 </tr>
 </tbody>
</table>
</div>
<!-- end header part -->
<!-- Generated by Doxygen 1.9.8 -->
</div><!-- top -->
<div id="side-nav" class="ui-resizable side-nav-resizable">
  <div id="nav-tree">
    <div id="nav-tree-contents">
      <div id="nav-sync" class="sync"></div>
    </div>
  </div>
  <div id="splitbar" style="-moz-user-select:none;" 
       class="ui-resizable-handle">
  </div>
</div>
<script type="text/javascript">
/* @license magnet:?xt=urn:btih:d3d9a9a6595521f9666a5e94cc830dab83b65699&amp;dn=expat.txt MIT */
$(document).ready(function(){initNavTree('mbelib__const_8h.html',''); initResizable(); });
/* @license-end */
</script>
<div id="doc-content">
<div class="header">
  <div class="summary">
<a href="#var-members">Variables</a>  </div>
  <div class="headertitle"><div class="title">mbelib_const.h File Reference</div></div>
</div><!--header-->
<div class="contents">

<p><a href="mbelib__const_8h_source.html">Go to the source code of this file.</a></p>
<table class="memberdecls">
<tr class="heading"><td colspan="2"><h2 class="groupheader"><a id="var-members" name="var-members"></a>
Variables</h2></td></tr>
<tr class="memitem:adf042ebf07d5a0b367552f5bb2c60bae" id="r_adf042ebf07d5a0b367552f5bb2c60bae"><td class="memItemLeft" align="right" valign="top">const float&#160;</td><td class="memItemRight" valign="bottom"><a class="el" href="mbelib__const_8h.html#adf042ebf07d5a0b367552f5bb2c60bae">Ws</a> [321]</td></tr>
<tr class="separator:adf042ebf07d5a0b367552f5bb2c60bae"><td class="memSeparator" colspan="2">&#160;</td></tr>
</table>
<h2 class="groupheader">Variable Documentation</h2>
<a id="adf042ebf07d5a0b367552f5bb2c60bae" name="adf042ebf07d5a0b367552f5bb2c60bae"></a>
<h2 class="memtitle"><span class="permalink"><a href="#adf042ebf07d5a0b367552f5bb2c60bae">&#9670;&#160;</a></span>Ws</h2>

<div class="memitem">
<div class="memproto">
      <table class="memname">
        <tr>
          <td class="memname">const float Ws[321]</td>
        </tr>
      </table>
</div><div class="memdoc">
<b>Initial value:</b><div class="fragment"><div class="line">= {</div>
<div class="line">  0, 0, 0, 0, 0, 0, 0, 0, 0, 0,</div>
<div class="line">  0, 0, 0, 0, 0, 0, 0, 0, 0, 0,</div>
<div class="line">  0, 0, 0, 0, 0, 0, 0, 0, 0, 0,</div>
<div class="line">  0, 0, 0, 0, 0, 0, 0, 0, 0, 0,</div>
<div class="line">  0, 0, 0, 0, 0, 0, 0, 0, 0, 0,</div>
<div class="line">  0, 0, 0, 0, 0,</div>
<div class="line">  0, 0.02, 0.04, 0.06, 0.08, 0.1, 0.12, 0.14, 0.16, 0.18,</div>
<div class="line">  0.2, 0.22, 0.24, 0.26, 0.28, 0.3, 0.32, 0.34, 0.36, 0.38,</div>
<div class="line">  0.4, 0.42, 0.44, 0.46, 0.48, 0.5, 0.52, 0.54, 0.56, 0.58,</div>
<div class="line">  0.6, 0.62, 0.64, 0.66, 0.68, 0.7, 0.72, 0.74, 0.76, 0.78,</div>
<div class="line">  0.8, 0.82, 0.84, 0.86, 0.88, 0.9, 0.92, 0.94, 0.96, 0.98,</div>
<div class="line">  1, 1, 1, 1, 1, 1, 1, 1, 1, 1, 1, 1, 1, 1, 1, 1, 1, 1, 1, 1,</div>
<div class="line">  1, 1, 1, 1, 1, 1, 1, 1, 1, 1, 1, 1, 1, 1, 1, 1, 1, 1, 1, 1,</div>
<div class="line">  1, 1, 1, 1, 1, 1, 1, 1, 1, 1, 1, 1, 1, 1, 1, 1, 1, 1, 1, 1,</div>
<div class="line">  1, 1, 1, 1, 1, 1, 1, 1, 1, 1, 1, 1, 1, 1, 1, 1, 1, 1, 1, 1,</div>
<div class="line">  1, 1, 1, 1, 1, 1, 1, 1, 1, 1, 1, 1, 1, 1, 1, 1, 1, 1, 1, 1,</div>
<div class="line">  1, 1, 1, 1, 1, 1, 1, 1, 1, 1, 1,</div>
<div class="line">  0.98, 0.96, 0.94, 0.92, 0.9, 0.88, 0.86, 0.84, 0.82, 0.8,</div>
<div class="line">  0.78, 0.76, 0.74, 0.72, 0.7, 0.68, 0.66, 0.64, 0.62, 0.6,</div>
<div class="line">  0.58, 0.56, 0.54, 0.52, 0.5, 0.48, 0.46, 0.44, 0.42, 0.4,</div>
<div class="line">  0.38, 0.36, 0.34, 0.32, 0.3, 0.28, 0.26, 0.24, 0.22, 0.2,</div>
<div class="line">  0.18, 0.16, 0.14, 0.12, 0.1, 0.08, 0.06, 0.04, 0.02, 0,</div>
<div class="line">  0, 0, 0, 0, 0,</div>
<div class="line">  0, 0, 0, 0, 0, 0, 0, 0, 0, 0,</div>
<div class="line">  0, 0, 0, 0, 0, 0, 0, 0, 0, 0,</div>
<div class="line">  0, 0, 0, 0, 0, 0, 0, 0, 0, 0,</div>
<div class="line">  0, 0, 0, 0, 0, 0, 0, 0, 0, 0,</div>
<div class="line">  0, 0, 0, 0, 0, 0, 0, 0, 0, 0</div>
<div class="line">}</div>
</div><!-- fragment -->
</div>
</div>
</div><!-- contents -->
</div><!-- doc-content -->
<!-- start footer part -->
<div id="nav-path" class="navpath"><!-- id is needed for treeview function! -->
  <ul>
    <li class="navelem"><a class="el" href="dir_af20b868e36e33b9f410bc4adff06f9c.html">mbelib</a></li><li class="navelem"><a class="el" href="mbelib__const_8h.html">mbelib_const.h</a></li>
    <li class="footer">Generated by <a href="https://www.doxygen.org/index.html"><img class="footer" src="doxygen.svg" width="104" height="31" alt="doxygen"/></a> 1.9.8 </li>
  </ul>
</div>
</body>
</html>
